Baseline Rprof summary
Sampling interval: 0.001000 seconds
Sampling time: 5.151000 seconds

By self time
                          self.time self.pct total.time total.pct mem.total
"logf"                        0.968    18.79      3.336     64.76    8049.6
"vapply"                      0.843    16.37      1.213     23.55    2965.1
"pmax"                        0.833    16.17      2.263     43.93    5519.9
"pt_rw_step_trunc"            0.457     8.87      4.194     81.42    9963.2
"pt_sampler_trunc"            0.415     8.06      5.147     99.92   12378.9
"pnorm"                       0.239     4.64      0.239      4.64     620.4
"Z_tail"                      0.235     4.56      0.475      9.22    1164.8
"FUN"                         0.224     4.35      0.279      5.42     697.3
"rnorm"                       0.181     3.51      0.181      3.51     466.0
"r_trunc_norm"                0.104     2.02      0.286      5.55     708.8
"runif"                       0.095     1.84      0.095      1.84     210.2
"mostattributes<-"            0.086     1.67      0.108      2.10     243.8
"match.fun"                   0.081     1.57      0.093      1.81     200.1
"all"                         0.079     1.53      0.079      1.53     192.3
"any"                         0.064     1.24      0.064      1.24     120.6
"length"                      0.061     1.18      0.061      1.18     136.9
"is.atomic"                   0.053     1.03      0.053      1.03     129.9
"list"                        0.035     0.68      0.035      0.68      57.5
"is.finite"                   0.025     0.49      0.025      0.49      57.6
"-"                           0.017     0.33      0.017      0.33      33.3
"is.function"                 0.012     0.23      0.012      0.23      37.6
"attributes"                  0.008     0.16      0.008      0.16      11.3
"lazyLoadDBfetch"             0.006     0.12      0.006      0.12      10.1
"findCenvVar"                 0.005     0.10      0.005      0.10       5.4
"gc"                          0.004     0.08      0.004      0.08       0.0
"getInlineInfo"               0.003     0.06      0.007      0.14       8.1
"cmp"                         0.002     0.04      0.025      0.49      26.1
"%%"                          0.002     0.04      0.002      0.04       1.3
"%in%"                        0.002     0.04      0.002      0.04       2.1
"make.nonTailCallContext"     0.002     0.04      0.002      0.04       0.9
"cmpCall"                     0.001     0.02      0.025      0.49      26.1
"h"                           0.001     0.02      0.020      0.39      19.4
"constantFoldCall"            0.001     0.02      0.005      0.10       6.5
"as.list"                     0.001     0.02      0.002      0.04       2.3
"grep"                        0.001     0.02      0.002      0.04       2.2
"as.list.default"             0.001     0.02      0.001      0.02       1.3
"cb$putcode"                  0.001     0.02      0.001      0.02       1.0
"is.factor"                   0.001     0.02      0.001      0.02       1.2
"matrix"                      0.001     0.02      0.001      0.02       6.0
"structure"                   0.001     0.02      0.001      0.02       0.9

By total time
                          total.time total.pct mem.total self.time self.pct
"system.time"                  5.151    100.00   12378.9     0.000     0.00
"pt_sampler_trunc"             5.147     99.92   12378.9     0.415     8.06
"pt_rw_step_trunc"             4.194     81.42    9963.2     0.457     8.87
"logf"                         3.336     64.76    8049.6     0.968    18.79
"pmax"                         2.263     43.93    5519.9     0.833    16.17
"vapply"                       1.213     23.55    2965.1     0.843    16.37
"Z_tail"                       0.475      9.22    1164.8     0.235     4.56
"r_trunc_norm"                 0.286      5.55     708.8     0.104     2.02
"FUN"                          0.279      5.42     697.3     0.224     4.35
"pnorm"                        0.239      4.64     620.4     0.239     4.64
"rnorm"                        0.181      3.51     466.0     0.181     3.51
"mostattributes<-"             0.108      2.10     243.8     0.086     1.67
"runif"                        0.095      1.84     210.2     0.095     1.84
"match.fun"                    0.093      1.81     200.1     0.081     1.57
"all"                          0.079      1.53     192.3     0.079     1.53
"any"                          0.064      1.24     120.6     0.064     1.24
"length"                       0.061      1.18     136.9     0.061     1.18
"is.atomic"                    0.053      1.03     129.9     0.053     1.03
"list"                         0.035      0.68      57.5     0.035     0.68
"cmpfun"                       0.029      0.56      32.2     0.000     0.00
"compiler:::tryCmpfun"         0.029      0.56      32.2     0.000     0.00
"doTryCatch"                   0.029      0.56      32.2     0.000     0.00
"tryCatch"                     0.029      0.56      32.2     0.000     0.00
"tryCatchList"                 0.029      0.56      32.2     0.000     0.00
"tryCatchOne"                  0.029      0.56      32.2     0.000     0.00
"genCode"                      0.026      0.50      29.5     0.000     0.00
"is.finite"                    0.025      0.49      57.6     0.025     0.49
"cmp"                          0.025      0.49      26.1     0.002     0.04
"cmpCall"                      0.025      0.49      26.1     0.001     0.02
"tryInline"                    0.025      0.49      26.1     0.000     0.00
"h"                            0.020      0.39      19.4     0.001     0.02
"-"                            0.017      0.33      33.3     0.017     0.33
"is.function"                  0.012      0.23      37.6     0.012     0.23
"cmpPrim2"                     0.009      0.17       6.9     0.000     0.00
"attributes"                   0.008      0.16      11.3     0.008     0.16
"getInlineInfo"                0.007      0.14       8.1     0.003     0.06
"cmpForBody"                   0.007      0.14       8.3     0.000     0.00
"lazyLoadDBfetch"              0.006      0.12      10.1     0.006     0.12
"cmpSymbolAssign"              0.006      0.12       5.2     0.000     0.00
"findCenvVar"                  0.005      0.10       5.4     0.005     0.10
"constantFoldCall"             0.005      0.10       6.5     0.001     0.02
"<Anonymous>"                  0.005      0.10       6.7     0.000     0.00
"constantFold"                 0.005      0.10       6.5     0.000     0.00
"exists"                       0.005      0.10       6.7     0.000     0.00
"getInlineHandler"             0.005      0.10       6.7     0.000     0.00
"gc"                           0.004      0.08       0.0     0.004     0.08
"getFoldFun"                   0.004      0.08       4.8     0.000     0.00
"isBaseVar"                    0.004      0.08       4.7     0.000     0.00
"cmpPrim1"                     0.003      0.06       0.5     0.000     0.00
"%%"                           0.002      0.04       1.3     0.002     0.04
"%in%"                         0.002      0.04       2.1     0.002     0.04
"make.nonTailCallContext"      0.002      0.04       0.9     0.002     0.04
"as.list"                      0.002      0.04       2.3     0.001     0.02
"grep"                         0.002      0.04       2.2     0.001     0.02
"checkSkipLoopCntxt"           0.002      0.04       2.6     0.000     0.00
"checkSkipLoopCntxtList"       0.002      0.04       2.6     0.000     0.00
"cmpBuiltinArgs"               0.002      0.04       1.9     0.000     0.00
"cmpComplexAssign"             0.002      0.04       0.9     0.000     0.00
"cmpSym"                       0.002      0.04       2.2     0.000     0.00
"findLocalsList"               0.002      0.04       1.9     0.000     0.00
"findLocalsList1"              0.002      0.04       1.9     0.000     0.00
"funEnv"                       0.002      0.04       1.9     0.000     0.00
"is.ddsym"                     0.002      0.04       2.2     0.000     0.00
"lapply"                       0.002      0.04       1.9     0.000     0.00
"make.functionContext"         0.002      0.04       1.9     0.000     0.00
"as.list.default"              0.001      0.02       1.3     0.001     0.02
"cb$putcode"                   0.001      0.02       1.0     0.001     0.02
"is.factor"                    0.001      0.02       1.2     0.001     0.02
"matrix"                       0.001      0.02       6.0     0.001     0.02
"structure"                    0.001      0.02       0.9     0.001     0.02
"cb$putconst"                  0.001      0.02       1.0     0.000     0.00
"cmpCallArgs"                  0.001      0.02       1.0     0.000     0.00
"cmpCallSymFun"                0.001      0.02       1.0     0.000     0.00
"cmpIndices"                   0.001      0.02       1.2     0.000     0.00
"cmpRepeatBody"                0.001      0.02       0.8     0.000     0.00
"cmpSubsetDispatch"            0.001      0.02       1.2     0.000     0.00
"findFunDef"                   0.001      0.02       0.8     0.000     0.00
"findLocals1"                  0.001      0.02       0.8     0.000     0.00
"isLoopTopFun"                 0.001      0.02       1.3     0.000     0.00
"make.toplevelContext"         0.001      0.02       0.9     0.000     0.00
"makeCenv"                     0.001      0.02       0.9     0.000     0.00
