Stage 2 Rprof summary
Sampling interval: 0.001000 seconds
Sampling time: 2.021000 seconds

By self time
                              self.time self.pct total.time total.pct mem.total
"stage2_env$pt_sampler_trunc"     0.767    37.95      2.016     99.75    5761.1
"pt_rw_step_trunc"                0.390    19.30      1.213     60.02    3462.4
"log_Z_tail"                      0.205    10.14      0.345     17.07     918.2
"pnorm"                           0.140     6.93      0.140      6.93     384.9
"rnorm"                           0.129     6.38      0.133      6.58     399.0
"log_target"                      0.113     5.59      0.132      6.53     407.8
"r_trunc_norm"                    0.093     4.60      0.228     11.28     720.1
"runif"                           0.077     3.81      0.077      3.81     194.1
"list"                            0.033     1.63      0.033      1.63      94.6
"-"                               0.020     0.99      0.020      0.99      78.6
"is.finite"                       0.016     0.79      0.016      0.79      58.5
"is.numeric"                      0.006     0.30      0.006      0.30      12.0
"lazyLoadDBfetch"                 0.006     0.30      0.006      0.30      10.7
"/"                               0.005     0.25      0.005      0.25       9.3
"length"                          0.004     0.20      0.004      0.20      14.6
"seq_len"                         0.004     0.20      0.004      0.20      13.9
"gc"                              0.003     0.15      0.003      0.15       0.0
"cb$putcode"                      0.002     0.10      0.002      0.10       2.5
"proc.time"                       0.002     0.10      0.002      0.10       0.0
"*"                               0.001     0.05      0.001      0.05       0.0
"%%"                              0.001     0.05      0.001      0.05       1.6
"+"                               0.001     0.05      0.001      0.05       0.0
"<"                               0.001     0.05      0.001      0.05       0.0
"findCenvVar"                     0.001     0.05      0.001      0.05       3.9
"findLocalsList"                  0.001     0.05      0.001      0.05       5.6

By total time
                              total.time total.pct mem.total self.time self.pct
"system.time"                      2.021    100.00    5761.1     0.000     0.00
"stage2_env$pt_sampler_trunc"      2.016     99.75    5761.1     0.767    37.95
"pt_rw_step_trunc"                 1.213     60.02    3462.4     0.390    19.30
"log_Z_tail"                       0.345     17.07     918.2     0.205    10.14
"r_trunc_norm"                     0.228     11.28     720.1     0.093     4.60
"pnorm"                            0.140      6.93     384.9     0.140     6.93
"rnorm"                            0.133      6.58     399.0     0.129     6.38
"log_target"                       0.132      6.53     407.8     0.113     5.59
"runif"                            0.077      3.81     194.1     0.077     3.81
"list"                             0.033      1.63      94.6     0.033     1.63
"-"                                0.020      0.99      78.6     0.020     0.99
"is.finite"                        0.016      0.79      58.5     0.016     0.79
"cmpfun"                           0.010      0.49      22.7     0.000     0.00
"compiler:::tryCmpfun"             0.010      0.49      22.7     0.000     0.00
"doTryCatch"                       0.010      0.49      22.7     0.000     0.00
"tryCatch"                         0.010      0.49      22.7     0.000     0.00
"tryCatchList"                     0.010      0.49      22.7     0.000     0.00
"tryCatchOne"                      0.010      0.49      22.7     0.000     0.00
"cmp"                              0.009      0.45      17.0     0.000     0.00
"cmpCall"                          0.009      0.45      17.0     0.000     0.00
"genCode"                          0.009      0.45      17.0     0.000     0.00
"tryInline"                        0.009      0.45      17.0     0.000     0.00
"FUN"                              0.008      0.40      15.8     0.000     0.00
"vapply"                           0.008      0.40      15.8     0.000     0.00
"is.numeric"                       0.006      0.30      12.0     0.006     0.30
"lazyLoadDBfetch"                  0.006      0.30      10.7     0.006     0.30
"/"                                0.005      0.25       9.3     0.005     0.25
"h"                                0.005      0.25       8.9     0.000     0.00
"length"                           0.004      0.20      14.6     0.004     0.20
"seq_len"                          0.004      0.20      13.9     0.004     0.20
"<Anonymous>"                      0.004      0.20       8.2     0.000     0.00
"exists"                           0.004      0.20       8.2     0.000     0.00
"getInlineHandler"                 0.004      0.20       8.2     0.000     0.00
"gc"                               0.003      0.15       0.0     0.003     0.15
"cb$putcode"                       0.002      0.10       2.5     0.002     0.10
"proc.time"                        0.002      0.10       0.0     0.002     0.10
"*"                                0.001      0.05       0.0     0.001     0.05
"%%"                               0.001      0.05       1.6     0.001     0.05
"+"                                0.001      0.05       0.0     0.001     0.05
"<"                                0.001      0.05       0.0     0.001     0.05
"findCenvVar"                      0.001      0.05       3.9     0.001     0.05
"findLocalsList"                   0.001      0.05       5.6     0.001     0.05
"cmpPrim2"                         0.001      0.05       1.3     0.000     0.00
"cmpRepeatBody"                    0.001      0.05       1.2     0.000     0.00
"findFunDef"                       0.001      0.05       1.2     0.000     0.00
"funEnv"                           0.001      0.05       5.6     0.000     0.00
"get"                              0.001      0.05       1.2     0.000     0.00
"getInlineInfo"                    0.001      0.05       3.9     0.000     0.00
"make.functionContext"             0.001      0.05       5.6     0.000     0.00
